-68.7744140625,-14.7216796875,-68.73046875,-14.677734375
-68.7744140625,-14.765625,-68.73046875,-14.7216796875
-68.73046875,-14.7216796875,-68.6865234375,-14.677734375
-68.73046875,-14.765625,-68.6865234375,-14.7216796875
-68.7744140625,-14.8095703125,-68.73046875,-14.765625
-68.6865234375,-14.7216796875,-68.642578125,-14.677734375
-68.73046875,-14.8095703125,-68.6865234375,-14.765625
-68.6865234375,-14.765625,-68.642578125,-14.7216796875
-68.7744140625,-14.853515625,-68.73046875,-14.8095703125
-68.642578125,-14.7216796875,-68.5986328125,-14.677734375
-68.6865234375,-14.8095703125,-68.642578125,-14.765625
-68.73046875,-14.853515625,-68.6865234375,-14.8095703125
-68.642578125,-14.765625,-68.5986328125,-14.7216796875
-68.6865234375,-14.853515625,-68.642578125,-14.8095703125
-68.642578125,-14.8095703125,-68.5986328125,-14.765625
-68.5986328125,-14.7216796875,-68.5546875,-14.677734375
-68.642578125,-14.853515625,-68.5986328125,-14.8095703125
-68.5986328125,-14.765625,-68.5546875,-14.7216796875
