-68.66455078125,-14.7216796875,-68.642578125,-14.69970703125
-68.66455078125,-14.69970703125,-68.642578125,-14.677734375
-68.642578125,-14.7216796875,-68.62060546875,-14.69970703125
-68.642578125,-14.69970703125,-68.62060546875,-14.677734375
-68.66455078125,-14.74365234375,-68.642578125,-14.7216796875
-68.66455078125,-14.677734375,-68.642578125,-14.65576171875
-68.642578125,-14.74365234375,-68.62060546875,-14.7216796875
-68.642578125,-14.677734375,-68.62060546875,-14.65576171875
-68.62060546875,-14.7216796875,-68.5986328125,-14.69970703125
-68.62060546875,-14.69970703125,-68.5986328125,-14.677734375
-68.62060546875,-14.74365234375,-68.5986328125,-14.7216796875
-68.62060546875,-14.677734375,-68.5986328125,-14.65576171875
-68.5986328125,-14.7216796875,-68.57666015625,-14.69970703125
-68.5986328125,-14.69970703125,-68.57666015625,-14.677734375
-68.5986328125,-14.74365234375,-68.57666015625,-14.7216796875
-68.5986328125,-14.677734375,-68.57666015625,-14.65576171875
-68.57666015625,-14.7216796875,-68.5546875,-14.69970703125
-68.57666015625,-14.69970703125,-68.5546875,-14.677734375
