-64.6875,-16.875,-61.875,-14.0625
-64.6875,-14.0625,-61.875,-11.25
-64.6875,-19.6875,-61.875,-16.875
-73.125,-16.875,-70.3125,-14.0625
-73.125,-14.0625,-70.3125,-11.25
-64.6875,-11.25,-61.875,-8.4375
-61.875,-16.875,-59.0625,-14.0625
-61.875,-14.0625,-59.0625,-11.25
-73.125,-19.6875,-70.3125,-16.875
-73.125,-11.25,-70.3125,-8.4375
-61.875,-19.6875,-59.0625,-16.875
-61.875,-11.25,-59.0625,-8.4375
-75.9375,-16.875,-73.125,-14.0625
-75.9375,-14.0625,-73.125,-11.25
-75.9375,-19.6875,-73.125,-16.875
-75.9375,-11.25,-73.125,-8.4375
-75.9375,-11.25,-73.125,-8.4375
-75.9375,-11.25,-73.125,-8.4375
