-68.466796875,-14.853515625,-68.37890625,-14.765625
-68.466796875,-14.94140625,-68.37890625,-14.853515625
-68.37890625,-14.853515625,-68.291015625,-14.765625
-68.466796875,-15.029296875,-68.37890625,-14.94140625
-68.37890625,-14.94140625,-68.291015625,-14.853515625
-68.291015625,-14.853515625,-68.203125,-14.765625
-68.37890625,-15.029296875,-68.291015625,-14.94140625
-68.466796875,-15.1171875,-68.37890625,-15.029296875
-68.291015625,-14.94140625,-68.203125,-14.853515625
-68.37890625,-15.1171875,-68.291015625,-15.029296875
-68.291015625,-15.029296875,-68.203125,-14.94140625
-68.203125,-14.853515625,-68.115234375,-14.765625
-68.203125,-14.94140625,-68.115234375,-14.853515625
-68.291015625,-15.1171875,-68.203125,-15.029296875
-68.203125,-15.029296875,-68.115234375,-14.94140625
-68.115234375,-14.853515625,-68.02734375,-14.765625
-68.115234375,-14.94140625,-68.02734375,-14.853515625
-68.203125,-15.1171875,-68.115234375,-15.029296875
