-71.71875,-14.0625,-70.3125,-12.65625
-71.71875,-15.46875,-70.3125,-14.0625
-70.3125,-14.0625,-68.90625,-12.65625
-71.71875,-16.875,-70.3125,-15.46875
-70.3125,-15.46875,-68.90625,-14.0625
-68.90625,-14.0625,-67.5,-12.65625
-70.3125,-16.875,-68.90625,-15.46875
-71.71875,-18.28125,-70.3125,-16.875
-68.90625,-15.46875,-67.5,-14.0625
-70.3125,-18.28125,-68.90625,-16.875
-68.90625,-16.875,-67.5,-15.46875
-67.5,-14.0625,-66.09375,-12.65625
-67.5,-15.46875,-66.09375,-14.0625
-68.90625,-18.28125,-67.5,-16.875
-67.5,-16.875,-66.09375,-15.46875
-66.09375,-14.0625,-64.6875,-12.65625
-67.5,-18.28125,-66.09375,-16.875
-66.09375,-15.46875,-64.6875,-14.0625
