-68.73046875,-14.765625,-68.5546875,-14.58984375
-68.73046875,-14.94140625,-68.5546875,-14.765625
-68.5546875,-14.765625,-68.37890625,-14.58984375
-68.73046875,-15.1171875,-68.5546875,-14.94140625
-68.5546875,-14.94140625,-68.37890625,-14.765625
-68.37890625,-14.765625,-68.203125,-14.58984375
-68.5546875,-15.1171875,-68.37890625,-14.94140625
-68.73046875,-15.29296875,-68.5546875,-15.1171875
-68.37890625,-14.94140625,-68.203125,-14.765625
-68.5546875,-15.29296875,-68.37890625,-15.1171875
-68.37890625,-15.1171875,-68.203125,-14.94140625
-68.203125,-14.765625,-68.02734375,-14.58984375
-68.203125,-14.94140625,-68.02734375,-14.765625
-68.37890625,-15.29296875,-68.203125,-15.1171875
-68.203125,-15.1171875,-68.02734375,-14.94140625
-68.02734375,-14.765625,-67.8515625,-14.58984375
-68.203125,-15.29296875,-68.02734375,-15.1171875
-68.02734375,-14.94140625,-67.8515625,-14.765625
