-68.653564453125,-14.74365234375,-68.642578125,-14.732666015625
-68.66455078125,-14.74365234375,-68.653564453125,-14.732666015625
-68.653564453125,-14.732666015625,-68.642578125,-14.7216796875
-68.66455078125,-14.732666015625,-68.653564453125,-14.7216796875
-68.642578125,-14.74365234375,-68.631591796875,-14.732666015625
-68.642578125,-14.732666015625,-68.631591796875,-14.7216796875
-68.653564453125,-14.7216796875,-68.642578125,-14.710693359375
-68.66455078125,-14.7216796875,-68.653564453125,-14.710693359375
-68.631591796875,-14.74365234375,-68.62060546875,-14.732666015625
-68.642578125,-14.7216796875,-68.631591796875,-14.710693359375
-68.631591796875,-14.732666015625,-68.62060546875,-14.7216796875
-68.653564453125,-14.710693359375,-68.642578125,-14.69970703125
-68.66455078125,-14.710693359375,-68.653564453125,-14.69970703125
-68.631591796875,-14.7216796875,-68.62060546875,-14.710693359375
-68.642578125,-14.710693359375,-68.631591796875,-14.69970703125
-68.62060546875,-14.74365234375,-68.609619140625,-14.732666015625
-68.62060546875,-14.732666015625,-68.609619140625,-14.7216796875
-68.631591796875,-14.710693359375,-68.62060546875,-14.69970703125
