-70.3125,-14.0625,-69.609375,-13.359375
-70.3125,-14.765625,-69.609375,-14.0625
-69.609375,-14.0625,-68.90625,-13.359375
-70.3125,-15.46875,-69.609375,-14.765625
-69.609375,-14.765625,-68.90625,-14.0625
-68.90625,-14.0625,-68.203125,-13.359375
-69.609375,-15.46875,-68.90625,-14.765625
-70.3125,-16.171875,-69.609375,-15.46875
-68.90625,-14.765625,-68.203125,-14.0625
-69.609375,-16.171875,-68.90625,-15.46875
-68.90625,-15.46875,-68.203125,-14.765625
-68.203125,-14.0625,-67.5,-13.359375
-68.203125,-14.765625,-67.5,-14.0625
-68.90625,-16.171875,-68.203125,-15.46875
-68.203125,-15.46875,-67.5,-14.765625
-67.5,-14.0625,-66.796875,-13.359375
-68.203125,-16.171875,-67.5,-15.46875
-67.5,-15.46875,-66.796875,-14.765625
