-69.2578125,-14.765625,-68.90625,-14.4140625
-68.90625,-14.765625,-68.5546875,-14.4140625
-69.2578125,-15.1171875,-68.90625,-14.765625
-68.90625,-15.1171875,-68.5546875,-14.765625
-68.5546875,-14.765625,-68.203125,-14.4140625
-69.2578125,-15.46875,-68.90625,-15.1171875
-68.5546875,-15.1171875,-68.203125,-14.765625
-68.90625,-15.46875,-68.5546875,-15.1171875
-68.203125,-14.765625,-67.8515625,-14.4140625
-68.5546875,-15.46875,-68.203125,-15.1171875
-69.2578125,-15.8203125,-68.90625,-15.46875
-68.203125,-15.1171875,-67.8515625,-14.765625
-68.90625,-15.8203125,-68.5546875,-15.46875
-68.203125,-15.46875,-67.8515625,-15.1171875
-68.5546875,-15.8203125,-68.203125,-15.46875
-67.8515625,-14.765625,-67.5,-14.4140625
-68.203125,-15.8203125,-67.8515625,-15.46875
-67.8515625,-15.1171875,-67.5,-14.765625
